0, -299.91789065637596
1, -298.35069829622677
2, -241.73820068303598
3, -282.92927325766414
4, -304.111134955701
5, -273.2842848066268
6, -272.9246628075416
7, -303.1907744586068
8, -291.8630282628068
9, -288.17569272219174
10, -300.81880461644215
11, -260.7224123820726
12, -265.9581492560303
13, -300.6502778817273
14, -281.25592964910686
15, -310.65838068147696
16, -270.91909218824554
17, -286.51735070244064
18, -296.62591373100724
19, -311.7876733826075
20, -263.57055768294975
21, -239.69154136586457
22, -248.4197402099346
23, -265.8714075584139
24, -294.10697719457795
25, -241.34501806919684
26, -272.3037236206926
27, -315.11574411177065
28, -297.1151267418702
29, -317.697497986521
30, -256.9364859304263
31, -291.66612620361826
32, -316.8536363694895
33, -260.32627709391664
34, -278.03743057720374
35, -301.2027321515958
36, -270.51442019409836
37, -282.252572377421
38, -296.0522328246272
39, -313.30415972730964
40, -270.56243251852646
41, -299.6785230651164
42, -306.18516061362044
43, -259.53269436082473
44, -281.8853159595507
45, -272.15060812161903
46, -294.84011151523214
47, -277.4568733085129
48, -314.1238454243986
49, -295.8804190057977
50, -285.57365134210045
51, -263.28108770980697
52, -316.52248191782354
53, -310.49126216529567
54, -277.4917716307134
55, -220.52705285475847
56, -307.154203114605
57, -294.2085340925515
58, -281.5775659447141
59, -308.4846028741804
60, -285.04990960052487
61, -332.91873431289434
62, -266.5368914604579
63, -305.15617785742893
64, -271.1968291736664
65, -266.02640538986304
66, -282.5067208722725
67, -258.32515418032926
68, -304.7841980003094
69, -311.40622363642655
70, -248.38798673175128
71, -286.27209368790614
72, -284.97810994017607
73, -272.3968024172464
74, -328.8156087574677
75, -252.37544517934785
76, -244.82861038328937
77, -261.8008977044675
78, -274.2044033988074
79, -283.392334923139
80, -295.4412417828512
81, -293.73985759350586
82, -283.9605955777265
83, -271.1488541623742
84, -261.7089518717338
85, -275.8722878014282
86, -283.0684160943193
87, -286.2283177312202
88, -300.305401232755
89, -286.36204292249977
90, -293.01066638145375
91, -271.28869569225077
92, -310.8942374908164
93, -309.09524174710714
94, -291.661724085556
95, -301.5169799467426
96, -314.7392986431642
97, -267.8420577988318
98, -293.16711213266643
99, -288.02770353764004
100, -303.77513024904044
101, -270.9216630338932
102, -201.71190174981143
103, -259.1369350019778
104, -300.33124170670857
105, -278.27443655456455
106, -315.8844428029602
107, -270.2544116088234
108, -304.72606825959514
109, -291.3011374248473
110, -272.8373702364068
111, -280.4104204963233
112, -276.44564458092367
113, -339.4059624435309
114, -293.86806181814626
115, -276.4613532749691
116, -293.91530110133147
117, -223.25029951314133
118, -258.9670700041918
119, -273.86876217811846
120, -260.15221447349813
121, -279.05760627956374
122, -269.95024332551
123, -242.8456819974276
124, -271.7628495349909
125, -236.90879110278192
126, -282.5308020756173
127, -323.25490734407117
128, -288.7335617661736
129, -305.91029498904606
130, -298.5215001861502
131, -283.49833131815825
132, -271.5577696962382
133, -292.19312435000955
134, -296.2217131544316
135, -256.3618737749078
136, -285.58995943090775
137, -291.99695262053376
138, -299.29467971744896
139, -254.05198777426537
140, -275.580067556341
141, -279.59574001196177
142, -275.66724747004895
143, -306.4855781064036
144, -261.86926046037723
145, -255.0859748693316
146, -271.60443106833094
147, -322.57873318647034
148, -311.41641115724804
149, -286.5062837406893
150, -280.52704261561496
151, -285.2810004511826
152, -303.5468609038209
153, -307.04240619329624
154, -305.76910063563747
155, -346.7696902134129
156, -269.2935987452613
157, -279.0588916640551
158, -287.89569423486074
159, -278.7729016945121
160, -320.9527611530844
161, -294.56840838094723
162, -274.1696886326184
163, -228.75797572850811
164, -310.2409602719715
165, -273.7970568402449
166, -306.8570608877214
167, -233.0665516234295
168, -269.4785655646955
169, -289.89117568442066
170, -262.2992091029433
171, -249.02918927853057
172, -290.07974026888047
173, -335.98257510456443
174, -317.1094176728205
175, -267.1760328455827
176, -253.46954887633152
177, -270.43762336275387
178, -256.79837455735174
179, -242.85806482831188
180, -297.4221782990547
181, -250.5965647989859
182, -249.5076033345915
183, -271.5930333975049
184, -250.33778327572153
185, -267.8586774195528
186, -268.6545806660769
187, -260.26375877913733
188, -241.26239807845826
189, -250.41982758776254
190, -233.4844131495114
191, -211.6307732324608
192, -293.90027013801745
193, -260.41089409609174
194, -259.07276848964983
195, -266.71145252431404
196, -294.14376846315076
197, -274.0528871842293
198, -257.8384451938433
199, -273.2738214245056
200, -280.08872142518874
201, -275.4589048603223
202, -275.55816659382066
203, -236.25177543154658
204, -222.53108237051796
205, -225.1500036510196
206, -253.8240540800377
207, -178.66808320596013
208, -271.41375476679036
209, -264.80510887889784
210, -241.628603071485
211, -212.40142768529043
212, -233.92980864368386
213, -269.08991677470976
214, -214.33236478674237
215, -237.1591319205637
216, -208.1075662841958
217, -240.33497592762907
218, -237.4002839274691
219, -245.57811546438543
220, -221.08647391789643
221, -246.08704490013363
222, -219.6294959587735
223, -226.17254395603706
224, -215.75755694407388
225, -207.74621410347703
226, -210.28509013059082
227, -211.68244910850197
228, -153.6770647240848
229, -205.54628627032395
230, -241.30643406493942
231, -199.3739814913418
232, -214.42571687465568
233, -205.21585106954794
234, -110.03456466997459
235, -199.64150289081815
236, -173.79821051253387
237, -207.15113599666043
238, -176.08938091610668
239, -185.1249130156642
240, -170.0366010356027
241, -233.8872857171576
242, -187.57168274631493
243, -174.16704512082396
244, -162.17764860463038
245, -139.4246013296406
246, -176.2493512148487
247, -218.42469464197927
248, -207.6942033996861
249, -132.72622129050788
250, -134.28794266720635
251, -209.32627427104373
252, -163.414686869285
253, -178.81050462479246
254, -145.4216301845847
255, -186.47897946477957
256, -186.7059165211007
257, -138.88673019047528
258, -160.91264540533905
259, -128.01643224620125
260, -198.66574578366075
261, -159.9103845031841
262, -170.4614266996402
263, -165.54398723151618
264, -117.30427679037405
265, -158.90708610769352
266, -143.19073883720355
267, -208.3704521789948
268, -156.96685632286844
269, -103.44503342039496
270, -132.1662288878119
271, -139.7366855389652
272, -163.60891463184979
273, -184.59263522218941
274, -160.83939120824664
275, -217.72419268775667
276, -105.59792384323184
277, -88.09918634587277
278, -135.56582408853197
279, -154.50325773894622
280, -123.12974971589517
281, -127.04222571161202
282, -161.17078165038717
283, -115.28405496074086
284, -168.90302435633257
285, -158.96095644042126
286, -159.71739284691066
287, -137.44035520386447
288, -144.6682432382984
289, -132.9339152664172
290, -95.49440076417082
291, -95.8430610883543
292, -156.33662636898973
293, -116.67152079366616
294, -72.60709743123294
295, -63.209280395573956
296, -141.14677861760507
297, -117.65277601828716
298, -140.5880907987887
299, -151.6384391404341
300, -105.74513866160083
301, -125.82175451463934
302, -118.75793639368534
303, -137.4254248719979
304, -103.7078339550929
305, -99.10777922906671
306, -83.23406866499752
307, -139.06268925909552
308, -118.30753337624724
309, -127.82117591947897
310, -151.57432256770878
311, -145.0825401399268
312, -111.96777142869769
313, -137.3997342383234
314, -96.78119850810198
315, -103.73817849055173
316, -148.488523213387
317, -133.08912848059234
318, -65.4098063218066
319, -57.32215154973741
320, -173.27878516161928
321, -140.91963248554566
322, -114.88257602282785
323, -93.54132543477988
324, -127.90129631314656
325, -94.36701293691439
326, -92.42226245274523
327, -78.61841097803699
328, -152.1144313439242
329, -112.41956794605403
330, -86.47676840593819
331, -98.20718789234573
332, -113.35646638004287
333, -40.885444947967784
334, -66.38477770077714
335, -168.2981119661084
336, -76.32830570622545
337, -108.40644268327753
338, -55.840993594256084
339, -11.303938984536543
340, -82.48290420271316
341, -110.15993239617362
342, -92.41350727216758
343, -113.55676264250317
344, -52.805694610821085
345, -94.3496416425296
346, -43.33900700520433
347, -103.03772505090178
348, -96.53831363898944
349, -40.31462987482537
350, -49.3553909384637
351, -21.325951375883243
352, -91.47333891322502
353, -16.16486906378518
354, -39.01196422925282
355, -52.80496240408471
356, -26.55363685975673
357, -70.2336658165323
358, -53.935007285325675
359, -34.890162173866884
360, -41.86042047983286
361, -46.162129112407364
362, -65.20564327976366
363, -10.067957400331803
364, -16.683360452145568
365, -11.85531950624519
366, -4.408977062889289
367, -48.01984765176305
368, 17.88548977699826
369, -31.41541268514347
370, -16.020927929657
371, -25.044954816464113
372, -47.19335001458476
373, 13.846234703703848
374, -18.347626304971445
375, 15.335778788985827
376, -12.965823517711952
377, 20.74012358720187
378, -59.9279763797822
379, -7.69524264586127
380, -3.2648201495208102
381, 1.3402828831438534
382, 23.327935232027286
383, -38.661427392396355
384, 37.25813686143153
385, -42.844804748068036
386, 74.77902059633828
387, -19.324620658624553
388, 58.21855657333787
389, 56.23364997578241
390, 43.72850960143597
391, 91.53838825273684
392, 22.256877983475917
393, 37.7198834490836
394, 76.65974245759358
395, 48.09642156560616
396, -12.745966746340581
397, 39.97300902293951
398, 43.57918522168123
399, 118.79162138393718
400, 84.67318102268833
401, 76.8722415137169
402, 56.240967237423654
403, 92.90668925370852
404, 55.832283304315666
405, 93.51070295575846
406, 36.081831729120175
407, 33.890648504019914
408, 83.30006847400361
409, 88.3088314004
410, 113.25387096909448
411, 134.36917444091748
412, 46.190247993636305
413, 101.03893151870362
414, 84.98565910262107
415, 90.57288335882012
416, 98.92160961373006
417, 79.34866253901164
418, 116.77652013274033
419, 29.833678518210185
420, 121.813782424464
421, 116.7726704076569
422, 150.31488715310465
423, 116.37263184195281
424, 129.62670522443253
425, 117.25278763865832
426, 175.26144557454256
427, 148.79708139630807
428, 172.78041647664273
429, 78.7729495638668
430, 121.76171925892602
431, 148.12779142428207
432, 144.80848829698874
433, 129.0695298124354
434, 190.96591505687428
435, 162.0516716874793
436, 180.9060972041931
437, 161.96545364007744
438, 195.86460402808171
439, 104.19209944992511
440, 238.62813076815164
441, 232.5159852469245
442, 163.1942005473769
443, 167.41462638849146
444, 168.04977947169067
445, 133.99564730937476
446, 215.5092431876985
447, 222.91458982089384
448, 208.63732437727072
449, 175.29223048951042
450, 209.99582567735897
451, 249.99069376966705
452, 214.338555684608
453, 274.69131081573266
454, 193.56163814909175
455, 189.0710461593817
456, 235.82872572386856
457, 184.6790818992555
458, 247.42106744256438
459, 178.2331044373573
460, 237.69935508635962
461, 196.4523805954347
462, 229.41877890830227
463, 193.72961298727796
464, 160.3990341418644
465, 241.27437610231462
466, 177.29535591449348
467, 196.64993302431827
468, 167.82290382484274
469, 216.96785271819198
470, 211.68263297169642
471, 209.62674274168322
472, 181.33809313370642
473, 235.78373567645465
474, 226.09208641400352
475, 146.3649607786508
476, 217.8266665186834
477, 258.40056707213677
478, 204.5085831600632
479, 212.6248315188538
480, 200.98074148601563
481, 257.68950732959235
482, 225.55920736474621
483, 291.48726600461674
484, 291.99656973367513
485, 163.7455560867825
486, 225.09345173606903
487, 290.68612975391136
488, 223.4324400418915
489, 225.72097401455366
490, 205.7410501963439
491, 283.536549460477
492, 268.1195678264716
493, 281.9622763964283
494, 180.42894249973466
495, 266.00492245520553
496, 191.70408553194684
497, 235.1973133997587
498, 219.35948299231336
499, 212.19811701294034
500, 213.8332537582146
501, 238.75898389626138
502, 184.70963263796168
503, 230.10709505784573
504, 202.117623679066
505, 197.70071985589342
506, 247.9220256765286
507, 223.6996910286713
508, 224.51699695934005
509, 270.60816021627255
510, 237.56165287215535
511, 225.50329047400396
512, 320.24126035267653
513, 268.8105660835281
514, 248.73317018818275
515, 283.29290615497433
516, 184.91274131757987
517, 244.00052010627508
518, 245.09961832499235
519, 250.36344219604777
520, 288.6246766947015
521, 245.99776059056362
522, 245.4238567954073
523, 339.2332899837429
524, 284.2863959084444
525, 264.7020425424645
526, 286.4195150331631
527, 243.2173952280217
528, 335.46657735224727
529, 282.2634738755465
530, 263.72865207897576
531, 328.6547308356539
532, 322.4690453663455
533, 240.6637560497933
534, 311.54409192175336
535, 333.9115995380713
536, 297.0971934921022
537, 238.1753649631508
538, 278.22213254742087
539, 316.72450180200786
